4.562926389616690722e+04
4.562652388419129420e+04
4.562378063834492059e+04
4.562103475116546906e+04
4.561828658380192064e+04
4.561553624277422205e+04
4.561278368357296858e+04
4.561002895613628061e+04
4.560727219187105220e+04
4.560451350182538590e+04
4.560175298665770970e+04
4.559899074105158797e+04
4.559622685531878233e+04
4.559346141516086209e+04
4.559069450163197325e+04
4.558792619123202894e+04
4.558515655597900331e+04
4.558238566351148620e+04
4.557961357732961187e+04
4.557684035673942708e+04
4.557406605694560130e+04
4.557129072938091849e+04
4.556851442186161148e+04
4.556573717871516419e+04
4.556295904089388932e+04
4.556018004615382961e+04
4.555740022923168726e+04
4.555461962146745645e+04
4.555183825040617376e+04
4.554905614048488496e+04
4.554627331376736402e+04
4.554348979026450979e+04
4.554070558687703306e+04
4.553792071831258363e+04
4.553513519731283304e+04
4.553234903480713547e+04
4.552956224144154112e+04
4.552677482761021383e+04
4.552398680344387685e+04
4.552119817823144695e+04
4.551840895879111486e+04
4.551561915196169866e+04
4.551282877082152118e+04
4.551003782761745242e+04
4.550724633297553373e+04
4.550445429573456931e+04
4.550166172325261141e+04
4.549886862182393816e+04
4.549607499681829358e+04
4.549328085297266080e+04
