1.926917296756080817e+06
3.732929357566896826e+06
5.433257378494187258e+06
7.040175067025530152e+06
8.564031148370265961e+06
1.001378058829728328e+07
1.139734241625324637e+07
1.272154770141903870e+07
1.399251901053406857e+07
1.521583108899354748e+07
1.639644281401564553e+07
1.753886046405552700e+07
1.864717012654441595e+07
1.972483511060662195e+07
2.077471294259386510e+07
2.179929404115984216e+07
2.280078519507545605e+07
2.378109265409781039e+07
2.474193616693484038e+07
2.568485249213210121e+07
2.661121692900864780e+07
2.752226740994596481e+07
2.841911853199129552e+07
2.930277100446543470e+07
3.017413156778937951e+07
3.103403004783915356e+07
3.188322733808285743e+07
3.272242249554656446e+07
3.355226259538042173e+07
3.437335289996318519e+07
3.518626541032167524e+07
3.599155564954755455e+07
3.678978871400770545e+07
3.758157699546739459e+07
3.836764376780598611e+07
3.914888144280394912e+07
3.992624759650502354e+07
4.070043159517775476e+07
4.147166777086701989e+07
4.223992622142192721e+07
4.300513104961218685e+07
4.376724539534752816e+07
4.452628504291919619e+07
4.528229261913731694e+07
4.603532724058517069e+07
4.678545734450208396e+07
4.753275574995940179e+07
4.827729586757638305e+07
4.901914911546858400e+07
4.975838359913942218e+07
