3.762590472187649304e+00
3.763739037750833294e+00
3.764860082932097285e+00
3.765978255252306894e+00
3.767111572774281658e+00
3.768271352307343225e+00
3.769447664942245702e+00
3.770607719884314424e+00
3.771732389235655791e+00
3.772820476344217244e+00
3.773873318560063250e+00
3.774892407145620243e+00
3.775879208946329335e+00
3.776835207982727649e+00
3.777761853531732772e+00
3.778660534721802744e+00
3.779532580551038023e+00
3.780379256463973547e+00
3.781201749076210650e+00
3.782001208640991763e+00
3.782778733394399406e+00
3.783535344151218727e+00
3.784272009187664043e+00
3.784989652949547700e+00
3.785689160459905001e+00
3.786371372051007267e+00
3.787037065523122248e+00
3.787686971801627944e+00
3.788321796439924505e+00
3.788942214295319744e+00
3.789548869224398153e+00
3.790142369665488786e+00
3.790723282169326414e+00
3.791292141086317180e+00
3.791849439999221971e+00
3.792395667397891579e+00
3.792931287583076738e+00
3.793456729605232169e+00
3.793972397630756443e+00
3.794478671012636806e+00
3.794975884285953338e+00
3.795463635846334505e+00
3.795941157740189364e+00
3.796408907609123418e+00
3.796867375517837484e+00
3.797317023792082580e+00
3.797758290142735582e+00
3.798191588822681819e+00
3.798617312082846809e+00
3.799035835365387914e+00
