0.000000000000000000e+00
0.000000000000000000e+00
0.000000000000000000e+00
0.000000000000000000e+00
0.000000000000000000e+00
0.000000000000000000e+00
0.000000000000000000e+00
0.000000000000000000e+00
0.000000000000000000e+00
0.000000000000000000e+00
0.000000000000000000e+00
0.000000000000000000e+00
0.000000000000000000e+00
0.000000000000000000e+00
0.000000000000000000e+00
0.000000000000000000e+00
9.663024745379796273e-08
4.556264456951424492e-07
9.011931624499595920e-07
1.212297708527885511e-06
1.363876874592365660e-06
1.616976241370471922e-06
1.878254107023841168e-06
2.021672298379873255e-06
2.077558945750637065e-06
2.144527324754045228e-06
2.161513699551320413e-06
2.126010694278878074e-06
2.091995651608613970e-06
2.003874411229141917e-06
1.850667688289160761e-06
1.712398654976190326e-06
1.633809763435844910e-06
1.480980034392900767e-06
1.278551862295962419e-06
1.126750742019410600e-06
1.048441485317915417e-06
0.000000000000000000e+00
0.000000000000000000e+00
0.000000000000000000e+00
0.000000000000000000e+00
0.000000000000000000e+00
0.000000000000000000e+00
0.000000000000000000e+00
0.000000000000000000e+00
0.000000000000000000e+00
0.000000000000000000e+00
0.000000000000000000e+00
0.000000000000000000e+00
0.000000000000000000e+00
0.000000000000000000e+00
0.000000000000000000e+00
-2.922589073206779211e-06
-4.921558065428022108e-06
-9.714185573967626050e-06
-1.635841617245310223e-05
-2.159517461596590499e-05
-3.636566863936355762e-05
-7.177866216057812135e-05
-1.208732547853837288e-04
-1.595679566991715155e-04
-2.687079656388939608e-04
-5.303765613620583380e-04
-8.931392603315900947e-04
-1.179056583401511937e-03
-1.985498231653580470e-03
-3.918982162806207425e-03
-6.599456091215852652e-03
-8.712115225441536409e-03
-1.467095778079439451e-02
-2.895757890667220724e-02
-4.876375086920550078e-02
-6.437430742449232191e-02
-1.084045280351041141e-01
-2.139691671132570860e-01
-3.603180683151082087e-01
-4.756653297620007104e-01
-8.010070280735709369e-01
-1.581029746968463101e+00
-2.662409194416106129e+00
-3.514715669646285789e+00
-5.918679808090808514e+00
-1.168229389317001754e+01
-1.967262396839950256e+01
-2.597031461823522136e+01
-4.373312638108270534e+01
-8.631983637217726368e+01
-1.453584680789384436e+02
-1.918897436599199011e+02
-3.231284665956405888e+02
-6.377517665472373665e+02
-1.073862402993801425e+03
-1.417536474397332768e+03
-2.386628800963581398e+03
-4.708545435817973157e+03
-7.923951445449032690e+03
-1.045530711005451849e+04
-1.758126350262857522e+04
-3.458322051470887527e+04
-5.796168773832365696e+04
-7.623192343687133689e+04
-1.270339365294229647e+05
-2.445716600451013073e+05
-3.980739478491969057e+05
-5.118078220753431087e+05
-8.014509924462563358e+05
-1.342363692351668607e+06
-1.837087095645897323e+06
-2.028282698629352031e+06
-2.239174147281367797e+06
-2.433150269885163754e+06
-2.496989430622079875e+06
2.496989430622079875e+06
2.433150269885163754e+06
2.239174147281367797e+06
2.028282698629352031e+06
1.837087095645898255e+06
1.342363692351670703e+06
8.014509924462598283e+05
5.118078220753467176e+05
3.980739478491996997e+05
2.445716600451034028e+05
1.270339365294238960e+05
7.623192343687194807e+04
5.796168773832418083e+04
3.458322051470899896e+04
1.758126350262864071e+04
1.045530711005451849e+04
7.923951445449032690e+03
4.708545435817990437e+03
2.386628800963594585e+03
1.417536474397345501e+03
1.073862402993809383e+03
6.377517665472428234e+02
3.231284665956434878e+02
1.918897436599215780e+02
1.453584680789397510e+02
8.631983637217756211e+01
4.373312638108292560e+01
2.597031461823522136e+01
1.967262396839950256e+01
1.168229389317001754e+01
5.918679808090828942e+00
3.514715669646285789e+00
2.662409194416106129e+00
1.581029746968463101e+00
-1.577080455737126297e+00
-2.279799613306910278e+00
-2.774499364534340540e+00
-4.010766604088394693e+00
-6.486917773451562397e+00
-9.377367797895205470e+00
-1.141218268081629539e+01
-1.649722898977556440e+01
-2.610317818665309630e+01
-3.603192370862829819e+01
-4.250029225855391957e+01
-5.714860133585660407e+01
-8.164409405226260219e+01
-1.046022151485596652e+02
-1.181730492298468818e+02
-1.455133258962747220e+02
-1.823948322033807870e+02
-2.083462092085692632e+02
-2.200746500060294011e+02
-2.356676425083545041e+02
-2.380062822281430499e+02
-2.220320445688875566e+02
-7.940137171895107713e+02
-1.147697548986508764e+03
-1.855887786610705234e+03
-2.682211529764072111e+03
-3.263694667942807428e+03
-4.715999331736487875e+03
-7.621267944196698409e+03
-1.100658646959215548e+04
-1.338587848958095492e+04
-1.931772792904584276e+04
-3.113863526564596759e+04
-4.483655703017139604e+04
-5.441496069627209363e+04
-7.812045721822565247e+04
-1.161179291086506855e+05
-1.387278399882311060e+05
-1.457588598471236764e+05
-1.417840090577246738e+05
-9.094583887086664618e+04
-2.082830392945311178e+04
0.000000000000000000e+00
0.000000000000000000e+00
-4.597983094023224548e+05
-6.251220755081268726e+05
-7.294129940957286162e+05
-9.526866726862939540e+05
-9.808972371197741013e+05
-2.692263284589372342e+05
0.000000000000000000e+00
0.000000000000000000e+00
0.000000000000000000e+00
-1.509519077831342118e+06
-1.589422497861181851e+06
-1.672171777011896484e+06
-1.743918572459256509e+06
-1.766702128384232288e+06
2.496989430622078478e+06
2.433150269885161426e+06
2.239174147281365469e+06
2.028282698629347607e+06
1.938781344132968225e+06
1.486165249627767596e+06
9.526866726863001240e+05
7.294129940957317594e+05
6.251220755081336247e+05
4.597983094023234444e+05
2.733836187650446664e+05
1.644227447809307196e+05
1.239112167886518582e+05
7.180195888176096196e+04
3.460307695447256265e+04
1.963156194895021326e+04
1.449432679731527605e+04
8.193248465332657361e+03
3.890847262276510264e+03
2.200254080270704890e+03
1.624531954724495563e+03
9.203138805434007281e+02
4.393997182162068498e+02
2.497498199510735901e+02
5.733623042936584397e+02
3.666298788107966402e+02
2.015744010814892704e+02
1.262226007728313988e+02
9.806354154665744716e+01
6.076323260999003395e+01
3.226559915140929036e+01
1.975194925556023051e+01
1.518006535999234607e+01
9.235276744129308213e+00
4.804544143323072447e+00
2.901789335393240687e+00
2.215665091162442035e+00
1.333116629678320786e+00
6.849054053835446076e-01
4.102274570225041272e-01
3.119641344076525269e-01
3.834147797872210495e-01
2.370596074497487160e-01
1.639889773600358425e-01
1.347493399102002720e-01
9.321455684682945775e-02
5.763316055429155288e-02
3.986846605862357645e-02
3.275982043115581444e-02
2.266201911456005441e-02
1.382255393352772865e-02
9.314325894632441080e-03
7.527978848630035441e-03
5.025350418728056177e-03
2.940948046276277601e-03
1.938674924583802788e-03
1.549427611300018123e-03
1.013772966225430418e-03
5.789354010974829580e-04
9.252501249791243460e-04
9.487688361629063915e-04
9.852656980796031631e-04
1.016099411094070802e-03
1.025739180636257809e-03
1.026187957828632834e-03
1.026187957828632834e-03
1.026187957828632834e-03
1.026187957828632834e-03
1.026187957828632834e-03
1.026187957828632834e-03
1.026187957828632834e-03
1.026187957828632834e-03
1.026187957828632834e-03
1.026187957828632834e-03
1.026187957828632834e-03
1.026187957828632834e-03
1.026187957828632834e-03
1.026187957828632834e-03
1.010735960644021814e-03
1.360755213054629011e-03
1.588740563934596447e-03
2.110031581507663262e-03
3.012810373275371864e-03
3.914276445757873708e-03
4.481703361928756138e-03
5.731996407445248166e-03
7.775345788064717996e-03
8.122854873693373390e-03
9.908700851813627766e-03
1.430697452657580387e-02
2.283901498632679578e-02
3.238050160483138540e-02
3.886445768095580372e-02
5.436379319741110883e-02
8.304419974885775269e-02
1.135850329591515662e-01
1.336399396741408119e-01
1.797996309020659100e-01
2.602456723695315000e-01
3.407121025743215514e-01
3.912775955185515131e-01
5.021797313898469506e-01
6.811755475586329656e-01
8.462729783223590374e-01
9.442284918273523564e-01
1.145987215397640036e+00
1.440281189610562951e+00
1.683499295069628809e+00
1.816735231169533504e+00
2.067932563744728558e+00
2.383529909557459359e+00
2.341496208539030732e+00
2.858141539695232325e+00
4.121829593635840894e+00
6.534447054580741820e+00
9.172253716484714658e+00
1.093028737862953292e+01
1.502788310916109182e+01
2.226150912940170912e+01
2.953194056267004441e+01
3.409219180037364083e+01
4.401949239342617659e+01
5.969089863648660099e+01
7.362588545195983158e+01
8.161462489599826142e+01
9.732847853111326231e+01
1.097478449735785233e+02
1.586473807660907198e+02
1.930708428001223069e+02
2.790930597117950356e+02
4.513767423173843554e+02
0.000000000000000000e+00
0.000000000000000000e+00
0.000000000000000000e+00
0.000000000000000000e+00
0.000000000000000000e+00
0.000000000000000000e+00
0.000000000000000000e+00
0.000000000000000000e+00
0.000000000000000000e+00
0.000000000000000000e+00
0.000000000000000000e+00
0.000000000000000000e+00
0.000000000000000000e+00
0.000000000000000000e+00
0.000000000000000000e+00
0.000000000000000000e+00
0.000000000000000000e+00
0.000000000000000000e+00
0.000000000000000000e+00
0.000000000000000000e+00
0.000000000000000000e+00
0.000000000000000000e+00
0.000000000000000000e+00
0.000000000000000000e+00
0.000000000000000000e+00
0.000000000000000000e+00
0.000000000000000000e+00
0.000000000000000000e+00
0.000000000000000000e+00
0.000000000000000000e+00
0.000000000000000000e+00
0.000000000000000000e+00
0.000000000000000000e+00
0.000000000000000000e+00
0.000000000000000000e+00
0.000000000000000000e+00
0.000000000000000000e+00
0.000000000000000000e+00
0.000000000000000000e+00
0.000000000000000000e+00
0.000000000000000000e+00
0.000000000000000000e+00
0.000000000000000000e+00
0.000000000000000000e+00
0.000000000000000000e+00
0.000000000000000000e+00
0.000000000000000000e+00
0.000000000000000000e+00
0.000000000000000000e+00
0.000000000000000000e+00
0.000000000000000000e+00
0.000000000000000000e+00
0.000000000000000000e+00
0.000000000000000000e+00
0.000000000000000000e+00
0.000000000000000000e+00
0.000000000000000000e+00
0.000000000000000000e+00
0.000000000000000000e+00
0.000000000000000000e+00
0.000000000000000000e+00
0.000000000000000000e+00
0.000000000000000000e+00
0.000000000000000000e+00
0.000000000000000000e+00
0.000000000000000000e+00
0.000000000000000000e+00
0.000000000000000000e+00
0.000000000000000000e+00
0.000000000000000000e+00
0.000000000000000000e+00
0.000000000000000000e+00
0.000000000000000000e+00
0.000000000000000000e+00
0.000000000000000000e+00
0.000000000000000000e+00
0.000000000000000000e+00
2.692263284589341492e+05
9.808972371197646717e+05
9.526866726862931391e+05
7.294129940957274521e+05
6.251220755081268726e+05
4.597983094023191952e+05
0.000000000000000000e+00
0.000000000000000000e+00
2.082830392945289714e+04
9.094583887086565665e+04
1.417840090577233059e+05
1.457588598471223377e+05
1.387278399882299127e+05
1.161179291086497688e+05
7.812045721822456107e+04
5.441496069627142424e+04
4.483655703017114865e+04
3.113863526564576750e+04
1.931772792904620655e+04
1.338587848958109862e+04
1.100658646959227008e+04
7.621267944196724784e+03
0.000000000000000000e+00
0.000000000000000000e+00
1.802831422305287958e+02
8.283690876759778803e+02
1.507400110867623653e+03
1.834632538444824377e+03
1.933390220059842022e+03
1.985423996068816678e+03
1.842249109242468876e+03
1.628453391462119725e+03
1.495280528607459928e+03
1.234063877566629799e+03
9.100471280605971742e+02
6.956861241411102128e+02
2.220320445688879545e+02
2.380062822281430499e+02
2.356676425083540209e+02
2.200746500060290316e+02
2.083462092085684958e+02
1.823948322033805596e+02
1.455133258962746083e+02
1.181730492298474076e+02
1.046022151485598783e+02
8.164409405226314220e+01
5.714860133585660407e+01
4.250029225855391957e+01
3.603192370862826266e+01
2.610317818665300749e+01
1.649722898977569585e+01
1.141218268081636822e+01
9.377367797895219681e+00
3.393061928179078368e+00
2.993342840254249015e+00
2.634727788971700679e+00
2.436514996868424987e+00
2.066860134415452244e+00
1.614645757587444663e+00
1.306349076017968791e+00
1.158201905315596081e+00
9.119842483270588218e-01
6.518126683399616539e-01
4.953800762833964755e-01
4.255771406242370714e-01
3.168692989497395307e-01
2.117426279473203776e-01
5.947055145713079499e-02
5.960207071741609880e-02
5.845745746207643700e-02
5.469914580479980082e-02
5.054205038269166117e-02
4.801646637036742493e-02
4.291977492269677397e-02
3.600330891903588681e-02
3.081771315697072119e-02
2.817013415829727405e-02
-1.084045280351045443e-01
-2.139691671132578910e-01
-3.603180683151095409e-01
-4.756653297620023757e-01
-8.010070280735709369e-01
-1.581029746968465766e+00
-2.662409194416106129e+00
-3.514715669646285789e+00
-5.918679808090808514e+00
-1.168229389317001754e+01
-1.967262396839950256e+01
-2.597031461823522136e+01
-4.373312638108270534e+01
-8.631983637217726368e+01
-1.453584680789384436e+02
-1.918897436599199011e+02
-3.231284665956411573e+02
-6.377517665472405497e+02
-1.073862402993809383e+03
-1.417536474397345501e+03
-2.386628800963594585e+03
-4.708545435817990437e+03
-7.923951445449032690e+03
-1.045530711005451849e+04
-1.758126350262857522e+04
-3.458322051470887527e+04
-5.796168773832365696e+04
-7.623192343687133689e+04
-1.270339365294232412e+05
-2.445716600451027043e+05
-3.980739478491996415e+05
-5.118078220753467176e+05
-8.014509924462602939e+05
-1.342363692351670703e+06
-1.837087095645898255e+06
-2.028282698629352031e+06
-2.239174147281367797e+06
-2.433150269885163754e+06
-2.496989430622079875e+06
2.496989430622079875e+06
2.433150269885163754e+06
2.239174147281367797e+06
2.028282698629352031e+06
1.837087095645898255e+06
1.342363692351670703e+06
8.014509924462598283e+05
5.118078220753467176e+05
3.980739478491996997e+05
2.445716600451025297e+05
1.270339365294233430e+05
7.623192343687133689e+04
5.796168773832365696e+04
3.458322051470887527e+04
1.758126350262857522e+04
1.045530711005451849e+04
7.923951445449032690e+03
4.708545435817990437e+03
2.386628800963594585e+03
1.417536474397345501e+03
1.073862402993809383e+03
6.377517665472395265e+02
3.231284665956417257e+02
1.918897436599199011e+02
1.453584680789384436e+02
8.631983637217726368e+01
4.373312638108278350e+01
2.597031461823522136e+01
1.967262396839950256e+01
1.168229389316999445e+01
5.918679808090828942e+00
3.514715669646285789e+00
2.662409194416106129e+00
1.581029746968463101e+00
8.010070280735739345e-01
4.756653297620023757e-01
3.603180683151095409e-01
2.139691671132578910e-01
1.084045280351041141e-01
6.437430742449232191e-02
4.876375086920550078e-02
2.895757890667230439e-02
1.467095778079444655e-02
8.712115225441595390e-03
6.599456091215898622e-03
3.918982162806235181e-03
1.985498231653580470e-03
1.179056583401507817e-03
8.931392603315868421e-04
5.303765613620564949e-04
2.687079656388939608e-04
1.595679566991715155e-04
1.208732547853837288e-04
7.177866216057812135e-05
3.636566863936355762e-05
2.159517461596590499e-05
1.363876874592363118e-06
1.616976241370466840e-06
1.878254107023836297e-06
2.021672298379874102e-06
2.077558945750632406e-06
2.144527324754041416e-06
2.161513699551317025e-06
2.126010694278883156e-06
2.091995651608619476e-06
2.003874411229146999e-06
-2.003874411229136835e-06
-2.091995651608615664e-06
-2.126010694278882309e-06
-2.161513699551323801e-06
-2.144527324754049039e-06
-2.077558945750638759e-06
-2.021672298379873255e-06
-1.878254107023845826e-06
-1.616976241370466840e-06
-1.363876874592365660e-06
-1.212297708527885511e-06
-9.011931624499595920e-07
-4.556264456951424492e-07
-9.663024745379796273e-08
0.000000000000000000e+00
0.000000000000000000e+00
0.000000000000000000e+00
0.000000000000000000e+00
0.000000000000000000e+00
0.000000000000000000e+00
0.000000000000000000e+00
0.000000000000000000e+00
0.000000000000000000e+00
0.000000000000000000e+00
0.000000000000000000e+00
0.000000000000000000e+00
0.000000000000000000e+00
0.000000000000000000e+00
0.000000000000000000e+00
0.000000000000000000e+00
0.000000000000000000e+00
0.000000000000000000e+00
0.000000000000000000e+00
0.000000000000000000e+00
0.000000000000000000e+00
0.000000000000000000e+00
0.000000000000000000e+00
0.000000000000000000e+00
0.000000000000000000e+00
0.000000000000000000e+00
0.000000000000000000e+00
0.000000000000000000e+00
0.000000000000000000e+00
0.000000000000000000e+00
0.000000000000000000e+00
0.000000000000000000e+00
0.000000000000000000e+00
0.000000000000000000e+00
0.000000000000000000e+00
0.000000000000000000e+00
0.000000000000000000e+00
0.000000000000000000e+00
0.000000000000000000e+00
0.000000000000000000e+00
0.000000000000000000e+00
0.000000000000000000e+00
0.000000000000000000e+00
0.000000000000000000e+00
0.000000000000000000e+00
0.000000000000000000e+00
0.000000000000000000e+00
0.000000000000000000e+00
0.000000000000000000e+00
0.000000000000000000e+00
0.000000000000000000e+00
0.000000000000000000e+00
0.000000000000000000e+00
0.000000000000000000e+00
0.000000000000000000e+00
0.000000000000000000e+00
0.000000000000000000e+00
0.000000000000000000e+00
0.000000000000000000e+00
0.000000000000000000e+00
0.000000000000000000e+00
0.000000000000000000e+00
0.000000000000000000e+00
0.000000000000000000e+00
0.000000000000000000e+00
0.000000000000000000e+00
0.000000000000000000e+00
0.000000000000000000e+00
0.000000000000000000e+00
0.000000000000000000e+00
0.000000000000000000e+00
0.000000000000000000e+00
0.000000000000000000e+00
0.000000000000000000e+00
0.000000000000000000e+00
0.000000000000000000e+00
0.000000000000000000e+00
0.000000000000000000e+00
0.000000000000000000e+00
0.000000000000000000e+00
0.000000000000000000e+00
0.000000000000000000e+00
0.000000000000000000e+00
0.000000000000000000e+00
0.000000000000000000e+00
0.000000000000000000e+00
0.000000000000000000e+00
0.000000000000000000e+00
0.000000000000000000e+00
0.000000000000000000e+00
0.000000000000000000e+00
0.000000000000000000e+00
0.000000000000000000e+00
0.000000000000000000e+00
0.000000000000000000e+00
0.000000000000000000e+00
0.000000000000000000e+00
0.000000000000000000e+00
0.000000000000000000e+00
0.000000000000000000e+00
0.000000000000000000e+00
0.000000000000000000e+00
0.000000000000000000e+00
0.000000000000000000e+00
0.000000000000000000e+00
0.000000000000000000e+00
0.000000000000000000e+00
0.000000000000000000e+00
0.000000000000000000e+00
0.000000000000000000e+00
0.000000000000000000e+00
0.000000000000000000e+00
0.000000000000000000e+00
0.000000000000000000e+00
0.000000000000000000e+00
0.000000000000000000e+00
0.000000000000000000e+00
0.000000000000000000e+00
-1.418139354616305168e-05
-8.593117190541112426e-06
-6.576625614199345618e-06
-3.978220209448229739e-06
-2.061467727068228090e-06
-1.244123592302797238e-06
-9.502290318091380546e-07
-5.726943429525739434e-07
-2.954413403636429381e-07
-1.777332383312239859e-07
-1.355267420935247296e-07
-8.144174124837500372e-08
-4.186389044641634837e-08
-2.511995333423813642e-08
-1.912951788798014265e-08
-2.620169119143990436e-08
-4.565885126320513958e-08
-6.963813487419399935e-08
-3.578774801739516655e-08
-6.020500549685952828e-08
-1.186190709970140015e-07
-1.993956123959718783e-07
-2.629377702844773996e-07
-4.417335339294865524e-07
-8.686633000441851600e-07
-1.457893899612045516e-06
-1.920783497478426712e-06
-3.221258823704635061e-06
-6.318947723982662588e-06
-1.058353301659495922e-05
-1.392785052183070603e-05
-2.330469775757310085e-05
-4.556852830245135461e-05
-7.611818387130107064e-05
-1.000201129548283194e-04
-1.668583639237513033e-04
-3.248813791884272483e-04
-5.407638560759987041e-04
-7.091478367391539084e-04
-1.178328679495250402e-03
-2.281253248680104734e-03
-3.779062125435523212e-03
-4.942417016120595474e-03
-8.168179895610614555e-03
-1.569172868281909494e-02
-2.582531478395574259e-02
-3.365029828901689585e-02
-5.520057590391815733e-02
-1.049125235793533367e-01
-1.710983737722516496e-01
-2.217843172156504505e-01
-3.600307808476911342e-01
-6.739412525020177513e-01
-1.084928787943994388e+00
-1.395895100514082277e+00
-2.232149504196740075e+00
-4.087385713117603458e+00
-6.456572893801857838e+00
-8.217084880165694827e+00
-1.285194132100944664e+01
-2.277892387976269006e+01
-3.498137151549919821e+01
-4.379943116454326457e+01
-6.626409295873791905e+01
-1.097478449735799870e+02
-1.586473807660919704e+02
-1.930708428001232733e+02
-2.790930597117962861e+02
-4.513767423173821953e+02
-6.524652453410326416e+02
-2.497498199510746417e+02
-4.393997182162068498e+02
-9.203138805434007281e+02
-1.624531954724495563e+03
-2.200254080270704890e+03
-3.890847262276510264e+03
-8.193248465332657361e+03
-1.449432679731527605e+04
-1.963156194895039516e+04
-3.460307695447256265e+04
-7.180195888176231529e+04
-1.239112167886529205e+05
-1.644227447809320583e+05
-2.733836187650467036e+05
-4.597983094023267040e+05
-6.251220755081382813e+05
-7.294129940957330400e+05
-9.526866726863009389e+05
-1.275564661743609468e+06
-1.509519077831342118e+06
-1.589422497861153213e+06
-1.672171777011896251e+06
-1.743918572459256276e+06
-1.766702128383801784e+06
0.000000000000000000e+00
0.000000000000000000e+00
0.000000000000000000e+00
0.000000000000000000e+00
