9.999999999962408959e-01
9.999999999962408959e-01
9.999999999962408959e-01
9.999999999962408959e-01
9.999999999962408959e-01
9.999999999962408959e-01
9.999999999962408959e-01
9.999999999962408959e-01
9.999999999962408959e-01
9.999999999962408959e-01
9.999999999962408959e-01
9.999999999962408959e-01
9.999999999962408959e-01
9.999999999962408959e-01
9.999999999962408959e-01
9.999999999962408959e-01
9.999999999962423392e-01
9.999999999962710939e-01
9.999999999963637975e-01
9.999999999964742647e-01
9.999999999965458741e-01
9.999999999967015274e-01
9.999999999969401143e-01
9.999999999971438402e-01
9.999999999972577491e-01
9.999999999974782394e-01
9.999999999977718934e-01
9.999999999979956034e-01
9.999999999981128429e-01
9.999999999983265608e-01
9.999999999985890176e-01
9.999999999987748689e-01
9.999999999988677946e-01
9.999999999990302202e-01
9.999999999992178479e-01
9.999999999993430810e-01
9.999999999994034772e-01
9.999999999994912958e-01
9.999999999994912958e-01
9.999999999994912958e-01
9.999999999994912958e-01
9.999999999994912958e-01
9.999999999994912958e-01
9.999999999994912958e-01
9.999999999994912958e-01
9.999999999994912958e-01
9.999999999994912958e-01
9.999999999994912958e-01
9.999999999994912958e-01
9.999999999994912958e-01
9.999999999994912958e-01
9.999999999994912958e-01
9.999999999994154676e-01
9.999999999990156763e-01
9.999999999980571097e-01
9.999999999967282838e-01
9.999999999956810104e-01
9.999999999927268179e-01
9.999999999856442612e-01
9.999999999758253377e-01
9.999999999680864171e-01
9.999999999462584332e-01
9.999999998939247403e-01
9.999999998213721097e-01
9.999999997641886296e-01
9.999999996029003135e-01
9.999999992162035278e-01
9.999999986801088037e-01
9.999999982575769053e-01
9.999999970658084436e-01
9.999999942084841775e-01
9.999999902472497260e-01
9.999999871251383787e-01
9.999999783190941516e-01
9.999999572061656350e-01
9.999999279363837035e-01
9.999999048669294677e-01
9.999998397985815357e-01
9.999996837940006156e-01
9.999994675180193804e-01
9.999992970566190520e-01
9.999988162633377531e-01
9.999976635384918433e-01
9.999960654674659999e-01
9.999948059235871378e-01
9.999912533364717637e-01
9.999827358837006797e-01
9.999709278837902726e-01
9.999616213148062593e-01
9.999353722183057513e-01
9.998724415111065467e-01
9.997852044508372948e-01
9.997164525055297624e-01
9.995225602654572716e-01
9.990578470867804706e-01
9.984139519366805882e-01
9.979067477254466301e-01
9.964775434493988726e-01
9.930592690238163600e-01
9.883396809319509035e-01
9.846355826524102461e-01
9.742619901177664854e-01
9.498270031863483842e-01
9.169353417009954432e-01
8.917829731329606213e-01
8.242691326390291229e-01
6.804810967685529510e-01
5.149419013263932809e-01
4.343810775669895152e-01
3.230020759800979469e-01
1.635233685010629157e-01
3.470198483038650777e-02
3.470198483038650777e-02
1.635233685010629157e-01
3.230020759800979469e-01
4.343810775669895152e-01
5.149419013263930589e-01
6.804810967685521739e-01
8.242691326390283457e-01
8.917829731329598442e-01
9.169353417009947771e-01
9.498270031863479401e-01
9.742619901177662634e-01
9.846355826524101351e-01
9.883396809319507925e-01
9.930592690238163600e-01
9.964775434493988726e-01
9.979067477254466301e-01
9.984139519366805882e-01
9.990578470867804706e-01
9.995225602654572716e-01
9.997164525055297624e-01
9.997852044508372948e-01
9.998724415111065467e-01
9.999353722183057513e-01
9.999616213148062593e-01
9.999709278837902726e-01
9.999827358837006797e-01
9.999912533364717637e-01
9.999948059235871378e-01
9.999960654674659999e-01
9.999976635384918433e-01
9.999988162633377531e-01
9.999992970566190520e-01
9.999994675180193804e-01
9.999996837940006156e-01
9.999995539341866024e-01
9.999993551750855358e-01
9.999992152527660272e-01
9.999988655832511286e-01
9.999981652208981275e-01
9.999973476763387437e-01
9.999967721420858213e-01
9.999953338681177861e-01
9.999924705577363238e-01
9.999892558878508142e-01
9.999870788955101952e-01
9.999819153196429777e-01
9.999725490377224801e-01
9.999628729835196017e-01
9.999566897874995197e-01
9.999429647926506570e-01
9.999206602829101564e-01
9.999002627339816929e-01
9.998883554856978773e-01
9.998645197658959649e-01
9.998320429603366755e-01
9.998079222559889123e-01
9.997753937825115678e-01
9.996753294066470508e-01
9.994749378192396838e-01
9.992410680266207157e-01
9.990764612855516091e-01
9.986652231423532866e-01
9.978420515313709549e-01
9.968820062854520936e-01
9.962067072843379112e-01
9.945211123286442634e-01
9.911535339579907733e-01
9.872368576907605275e-01
9.844888266684053146e-01
9.776545381479491148e-01
9.643599396495174947e-01
9.510054524816289323e-01
9.430817648866944847e-01
9.278670180778899601e-01
9.114242880154763693e-01
9.054380595494178063e-01
9.051482540966326873e-01
9.051482540966326873e-01
8.601737021990415455e-01
8.039760898627728025e-01
7.664083118491473723e-01
6.790280073148491358e-01
5.364001873824041366e-01
4.658819726696962205e-01
4.621171592261287264e-01
4.621171592261287264e-01
4.621171592261287264e-01
3.822133684056563951e-01
3.176269177408021505e-01
2.325441844744759179e-01
1.161493919980329109e-01
2.454293679167507056e-02
3.470198483038756249e-02
1.635233685010654692e-01
3.230020759800993901e-01
4.343810775669921243e-01
4.658819726696994956e-01
5.364001873824066902e-01
6.790280073148506901e-01
7.664083118491484825e-01
8.039760898627728025e-01
8.601737021990423226e-01
9.119716924485545828e-01
9.408531529537816906e-01
9.527660867155804958e-01
9.695903217315569034e-01
9.833254013666471449e-01
9.896268960845004958e-01
9.919751395724876186e-01
9.950694510571577167e-01
9.974100266891821054e-01
9.984263081554192176e-01
9.987948899204651676e-01
9.992711393106112894e-01
9.996230805345155401e-01
9.997731005861044684e-01
9.998217560567024265e-01
9.998810807604308071e-01
9.999309650359107238e-01
9.999549737459303422e-01
9.999642634811645170e-01
9.999769669902324187e-01
9.999871423827259020e-01
9.999918304060602114e-01
9.999935980163411342e-01
9.999959631904921098e-01
9.999978025050233477e-01
9.999986272730060355e-01
9.999989332290034616e-01
9.999993370117551406e-01
9.999996451135751974e-01
9.999997808476389638e-01
9.999998306605731857e-01
9.999998915539177746e-01
9.999999329494153599e-01
9.999999536169117409e-01
9.999999618871304730e-01
9.999999736349415302e-01
9.999999836988804347e-01
9.999999887234948259e-01
9.999999907341234895e-01
9.999999935902130765e-01
9.999999960426354528e-01
9.999999972832789297e-01
9.999999977824703956e-01
9.999999984919911711e-01
9.999999990959812513e-01
9.999999993930368536e-01
9.999999995101576111e-01
9.999999996736214092e-01
9.999999998091760878e-01
9.999999998141515523e-01
9.999999998096259501e-01
9.999999998026126713e-01
9.999999997966965148e-01
9.999999997948484376e-01
9.999999997947623953e-01
9.999999997947623953e-01
9.999999997947623953e-01
9.999999997947623953e-01
9.999999997947623953e-01
9.999999997947623953e-01
9.999999997947623953e-01
9.999999997947623953e-01
9.999999997947623953e-01
9.999999997947623953e-01
9.999999997947623953e-01
9.999999997947623953e-01
9.999999997947623953e-01
9.999999997947623953e-01
9.999999997570885313e-01
9.999999996770474464e-01
9.999999996254190782e-01
9.999999995085447901e-01
9.999999993090787909e-01
9.999999991126568011e-01
9.999999989901265929e-01
9.999999987225752784e-01
9.999999982910185992e-01
9.999999977674838281e-01
9.999999973016906463e-01
9.999999961707398688e-01
9.999999940227402018e-01
9.999999916689611412e-01
9.999999900906345607e-01
9.999999863698180169e-01
9.999999796242027283e-01
9.999999725803413453e-01
9.999999680135462921e-01
9.999999576387755829e-01
9.999999398992424071e-01
9.999999224730592440e-01
9.999999116490161377e-01
9.999998881842494525e-01
9.999998509400309654e-01
9.999998171194907082e-01
9.999997972497250975e-01
9.999997567119749409e-01
9.999996983630422553e-01
9.999996507179839123e-01
9.999996248083541373e-01
9.999995762846392022e-01
9.999995158563019793e-01
9.999993631200042588e-01
9.999992323020429064e-01
9.999989185543491921e-01
9.999983367020978120e-01
9.999977180062017412e-01
9.999973130811024014e-01
9.999963867320678101e-01
9.999947952145928909e-01
9.999932360624540495e-01
9.999922740192807025e-01
9.999902134994284042e-01
9.999870346502780505e-01
9.999842668542304747e-01
9.999827005552650583e-01
9.999796565671482673e-01
9.999689581400409422e-01
9.999551267376922681e-01
9.999453898279871966e-01
9.999210574459949097e-01
9.998723232271757855e-01
9.997852044508372948e-01
9.997164525055297624e-01
9.995225602654572716e-01
9.990578470867804706e-01
9.984139519366805882e-01
9.979067477254466301e-01
9.964775434493988726e-01
9.930592690238163600e-01
9.883396809319507925e-01
9.846355826524101351e-01
9.742619901177662634e-01
9.498270031863480511e-01
9.169353417009947771e-01
8.917829731329598442e-01
8.242691326390279016e-01
6.804810967685525069e-01
5.149419013263930589e-01
4.343810775669904589e-01
3.230020759800975028e-01
1.635233685010634153e-01
3.470198483038545306e-02
3.470198483038545306e-02
1.635233685010634153e-01
3.230020759800975028e-01
4.343810775669904589e-01
5.149419013263930589e-01
6.804810967685525069e-01
8.242691326390293449e-01
8.917829731329607323e-01
9.169353417009954432e-01
9.498270031863482732e-01
9.742619901177662634e-01
9.846355826524101351e-01
9.883396809319507925e-01
9.930592690238163600e-01
9.964775434493988726e-01
9.979067477254466301e-01
9.984139519366805882e-01
9.990578470867804706e-01
9.995225602654572716e-01
9.997164525055297624e-01
9.997852044508372948e-01
9.998724415111065467e-01
9.999353722183057513e-01
9.999616213148062593e-01
9.999709278837902726e-01
9.999827358837006797e-01
9.999912533364717637e-01
9.999948059235871378e-01
9.999960654674659999e-01
9.999976635384918433e-01
9.999988162633377531e-01
9.999992970566190520e-01
9.999994675180193804e-01
9.999996837940006156e-01
9.999998397985815357e-01
9.999999048669294677e-01
9.999999279363837035e-01
9.999999572061656350e-01
9.999999783190941516e-01
9.999999871251383787e-01
9.999999902472497260e-01
9.999999942084841775e-01
9.999999970658084436e-01
9.999999982575769053e-01
9.999999986801088037e-01
9.999999992162035278e-01
9.999999996029003135e-01
9.999999997641886296e-01
9.999999998213721097e-01
9.999999998939247403e-01
9.999999999462584332e-01
9.999999999680864171e-01
9.999999999758253377e-01
9.999999999856442612e-01
9.999999999927268179e-01
9.999999999956810104e-01
4.658819726696994956e-01
5.364001873824066902e-01
6.790280073148506901e-01
7.664083118491484825e-01
8.039760898627728025e-01
8.601737021990423226e-01
9.051482540966334644e-01
9.051482540966334644e-01
9.054380595494185835e-01
9.114242880154771465e-01
9.278670180778905152e-01
9.430817648866948177e-01
9.510054524816291543e-01
9.643599396495177167e-01
9.776545381479491148e-01
9.844888266684054257e-01
9.872368576907604165e-01
9.911535339579906623e-01
9.945211123286442634e-01
9.962067072843379112e-01
9.968820062854520936e-01
9.978420515313709549e-01
9.981778976203009579e-01
9.981778976203009579e-01
9.981804030665147875e-01
9.982335504668341519e-01
9.983951984607454255e-01
9.985709701023826046e-01
9.986758595224342061e-01
9.988815184390735791e-01
9.991440313984512045e-01
9.993254477748465536e-01
9.994122412636095021e-01
9.995545131824182805e-01
9.996998672890500259e-01
9.997832450662479387e-01
9.998079222559889123e-01
9.998320429603366755e-01
9.998645197658959649e-01
9.998883554856978773e-01
9.999002627339816929e-01
9.999206602829101564e-01
9.999429647926506570e-01
9.999566897874995197e-01
9.999628729835196017e-01
9.999725490377224801e-01
9.999819153196429777e-01
9.999870788955101952e-01
9.999892558878508142e-01
9.999924705577363238e-01
9.999953338681177861e-01
9.999967721420858213e-01
9.999973476763387437e-01
9.999979889269522415e-01
9.999984243942307005e-01
9.999987179368736712e-01
9.999988587875473511e-01
9.999990933950289040e-01
9.999993431844178549e-01
9.999994950835302543e-01
9.999995634769375252e-01
9.999996710045806481e-01
9.999997765778224634e-01
9.999998360619005711e-01
9.999998615984323491e-01
9.999999000538785099e-01
9.999999355773004917e-01
9.999999462982829268e-01
9.999999496078005867e-01
9.999999557754016832e-01
9.999999634949264804e-01
9.999999689873105835e-01
9.999999717253501563e-01
9.999999764676112957e-01
9.999999818345738367e-01
9.999999853150218776e-01
9.999999869528173324e-01
9.999999783190941516e-01
9.999999572061656350e-01
9.999999279363837035e-01
9.999999048669294677e-01
9.999998397985815357e-01
9.999996837940006156e-01
9.999994675180193804e-01
9.999992970566190520e-01
9.999988162633377531e-01
9.999976635384918433e-01
9.999960654674659999e-01
9.999948059235871378e-01
9.999912533364717637e-01
9.999827358837006797e-01
9.999709278837902726e-01
9.999616213148062593e-01
9.999353722183057513e-01
9.998724415111065467e-01
9.997852044508372948e-01
9.997164525055297624e-01
9.995225602654572716e-01
9.990578470867804706e-01
9.984139519366805882e-01
9.979067477254466301e-01
9.964775434493988726e-01
9.930592690238163600e-01
9.883396809319509035e-01
9.846355826524102461e-01
9.742619901177663744e-01
9.498270031863480511e-01
9.169353417009947771e-01
8.917829731329598442e-01
8.242691326390282347e-01
6.804810967685521739e-01
5.149419013263930589e-01
4.343810775669895152e-01
3.230020759800979469e-01
1.635233685010629157e-01
3.470198483038650777e-02
3.470198483038650777e-02
1.635233685010629157e-01
3.230020759800979469e-01
4.343810775669895152e-01
5.149419013263930589e-01
6.804810967685521739e-01
8.242691326390283457e-01
8.917829731329598442e-01
9.169353417009947771e-01
9.498270031863481622e-01
9.742619901177663744e-01
9.846355826524102461e-01
9.883396809319509035e-01
9.930592690238163600e-01
9.964775434493988726e-01
9.979067477254466301e-01
9.984139519366805882e-01
9.990578470867804706e-01
9.995225602654572716e-01
9.997164525055297624e-01
9.997852044508372948e-01
9.998724415111065467e-01
9.999353722183057513e-01
9.999616213148062593e-01
9.999709278837902726e-01
9.999827358837006797e-01
9.999912533364717637e-01
9.999948059235871378e-01
9.999960654674659999e-01
9.999976635384918433e-01
9.999988162633377531e-01
9.999992970566190520e-01
9.999994675180193804e-01
9.999996837940006156e-01
9.999998397985815357e-01
9.999999048669294677e-01
9.999999279363837035e-01
9.999999572061656350e-01
9.999999783190941516e-01
9.999999871251383787e-01
9.999999902472497260e-01
9.999999942084841775e-01
9.999999970658084436e-01
9.999999982575769053e-01
9.999999986801088037e-01
9.999999992162035278e-01
9.999999996029003135e-01
9.999999997641886296e-01
9.999999998213721097e-01
9.999999998939247403e-01
9.999999999462584332e-01
9.999999999680864171e-01
9.999999999758253377e-01
9.999999999856442612e-01
9.999999999927268179e-01
9.999999999956810104e-01
9.999999999965458741e-01
9.999999999967015274e-01
9.999999999969401143e-01
9.999999999971438402e-01
9.999999999972577491e-01
9.999999999974782394e-01
9.999999999977718934e-01
9.999999999979956034e-01
9.999999999981128429e-01
9.999999999983265608e-01
9.999999999983265608e-01
9.999999999981128429e-01
9.999999999979956034e-01
9.999999999977718934e-01
9.999999999974782394e-01
9.999999999972577491e-01
9.999999999971438402e-01
9.999999999969401143e-01
9.999999999967015274e-01
9.999999999965458741e-01
9.999999999964742647e-01
9.999999999963637975e-01
9.999999999962710939e-01
9.999999999962423392e-01
9.999999999962408959e-01
9.999999999962408959e-01
9.999999999962408959e-01
9.999999999962408959e-01
9.999999999962408959e-01
9.999999999962408959e-01
9.999999999962408959e-01
9.999999999962408959e-01
9.999999999956810104e-01
9.999999999927268179e-01
9.999999999856442612e-01
9.999999999758253377e-01
9.999999999680864171e-01
9.999999999462584332e-01
9.999999998939247403e-01
9.999999998213721097e-01
9.999999997641886296e-01
9.999999996029003135e-01
9.999999992162035278e-01
9.999999986801088037e-01
9.999999982575769053e-01
9.999999970658084436e-01
9.999999942084841775e-01
9.999999902472497260e-01
9.999999871251383787e-01
9.999999783190941516e-01
9.999999572061656350e-01
9.999999279363837035e-01
9.999999048669294677e-01
9.999998397985815357e-01
9.999996837940006156e-01
9.999994675180193804e-01
9.999992970566190520e-01
9.999988162633377531e-01
9.999976635384918433e-01
9.999960654674659999e-01
9.999948059235871378e-01
9.999912533364717637e-01
9.999827358837006797e-01
9.999709278837902726e-01
9.999616213148062593e-01
9.999353722183057513e-01
9.998724415111065467e-01
9.997852044508372948e-01
9.997164525055297624e-01
9.995225602654572716e-01
9.990578470867804706e-01
9.984139519366805882e-01
9.979067477254466301e-01
9.964775434493988726e-01
9.930592690238163600e-01
9.883396809319509035e-01
9.846355826524102461e-01
9.742619901177664854e-01
9.498270031863482732e-01
9.169353417009954432e-01
8.917829731329602883e-01
8.242691326390286788e-01
6.804810967685537282e-01
5.149419013263946132e-01
4.343810775669921243e-01
3.230020759800993901e-01
1.635233685010654692e-01
3.470198483038756249e-02
3.470198483038545306e-02
1.635233685010634153e-01
3.230020759800975028e-01
4.343810775669904589e-01
5.149419013263930589e-01
6.804810967685525069e-01
8.242691326390279016e-01
8.917829731329598442e-01
9.169353417009947771e-01
9.498270031863480511e-01
9.742619901177662634e-01
9.846355826524102461e-01
9.883396809319509035e-01
9.930592690238163600e-01
9.964775434493988726e-01
9.979067477254466301e-01
9.984139519366805882e-01
9.990578470867804706e-01
9.995225602654572716e-01
9.997164525055297624e-01
9.997852044508372948e-01
9.998724415111065467e-01
9.999353722183057513e-01
9.999616213148062593e-01
9.999709278837902726e-01
9.999827358837006797e-01
9.999912533364717637e-01
9.999948059235871378e-01
9.999960654674659999e-01
9.999976635384918433e-01
9.999988162633377531e-01
9.999992970566190520e-01
9.999994675180193804e-01
9.999996837940006156e-01
9.999998397985815357e-01
9.999999048669294677e-01
9.999999279363837035e-01
9.999999572061656350e-01
9.999999783190941516e-01
9.999999871251383787e-01
9.999999902472497260e-01
9.999999942084841775e-01
9.999999970658084436e-01
9.999999982575769053e-01
9.999999986801088037e-01
9.999999992162035278e-01
9.999999996029003135e-01
9.999999997641886296e-01
9.999999998213721097e-01
9.999999998939247403e-01
9.999999999462584332e-01
9.999999999680864171e-01
9.999999999758253377e-01
9.999999999856442612e-01
9.999999999925365257e-01
9.999999999953945728e-01
9.999999999964414021e-01
9.999999999978088638e-01
9.999999999988383736e-01
9.999999999992867927e-01
9.999999999994503286e-01
9.999999999996631583e-01
9.999999999998224753e-01
9.999999999998914202e-01
9.999999999999165112e-01
9.999999999999490408e-01
9.999999999999732436e-01
9.999999999999836797e-01
9.999999999999874545e-01
9.999999999999913403e-01
9.999999999999851230e-01
9.999999999999776845e-01
9.999999999999714673e-01
9.999999999999528155e-01
9.999999999999088507e-01
9.999999999998493427e-01
9.999999999998031575e-01
9.999999999996748157e-01
9.999999999993747224e-01
9.999999999989688249e-01
9.999999999986541876e-01
9.999999999977831067e-01
9.999999999957539520e-01
9.999999999930199168e-01
9.999999999909062742e-01
9.999999999850727184e-01
9.999999999715470933e-01
9.999999999534103790e-01
9.999999999394366679e-01
9.999999999010146245e-01
9.999999998124607936e-01
9.999999996944410885e-01
9.999999996038967387e-01
9.999999993561409228e-01
9.999999987894888642e-01
9.999999980402181077e-01
9.999999974685412907e-01
9.999999959140986050e-01
9.999999923944039582e-01
9.999999877884784283e-01
9.999999842998295030e-01
9.999999748930286092e-01
9.999999538775348196e-01
9.999999267585517604e-01
9.999999064203223265e-01
9.999998522022403025e-01
9.999997332838725939e-01
9.999995827695514761e-01
9.999994714355273651e-01
9.999991793333988799e-01
9.999985550486972796e-01
9.999977863586597682e-01
9.999972289047265317e-01
9.999957995094818086e-01
9.999928573204874827e-01
9.999893780836487389e-01
9.999869277958028935e-01
9.999808551062330242e-01
9.999689581400409422e-01
9.999551267376922681e-01
9.999453898279871966e-01
9.999210574459949097e-01
9.998723232271757855e-01
9.998154379286332549e-01
9.997731005861044684e-01
9.996230805345155401e-01
9.992711393106112894e-01
9.987948899204651676e-01
9.984263081554192176e-01
9.974100266891821054e-01
9.950694510571577167e-01
9.919751395724876186e-01
9.896268960845003848e-01
9.833254013666471449e-01
9.695903217315564593e-01
9.527660867155801627e-01
9.408531529537812466e-01
9.119716924485541387e-01
8.601737021990415455e-01
8.039760898627716923e-01
7.664083118491473723e-01
6.790280073148491358e-01
5.276662413603209201e-01
3.822133684056563951e-01
3.176269177408021505e-01
2.325441844744759456e-01
1.161493919980329248e-01
2.454293679167506362e-02
3.470198483038756249e-02
1.635233685010654692e-01
3.230020759800993901e-01
4.343810775669921243e-01
