-1.879528807134360304e-05
-1.879528807134360304e-05
-1.879528807134360304e-05
-1.879528807134360304e-05
-1.879528807134360304e-05
-1.879528807134360304e-05
-1.879528807134360304e-05
-1.879528807134360304e-05
-1.879528807134360304e-05
-1.879528807134360304e-05
-1.879528807134360304e-05
-1.879528807134360304e-05
-1.879528807134360304e-05
-1.879528807134360304e-05
-1.879528807134360304e-05
-1.879528807134360304e-05
-1.878832912478568357e-05
-1.863872834893408917e-05
-1.815862657359159642e-05
-1.758712563198451068e-05
-1.721693430657029796e-05
-1.641279977035959304e-05
-1.518357745983274378e-05
-1.413706941460485092e-05
-1.355301738793706678e-05
-1.242532236669315278e-05
-1.092904064856129396e-05
-9.793713316644908393e-06
-9.201032220361860168e-06
-8.123792057839644628e-06
-6.807650767365321795e-06
-5.881435183380230091e-06
-5.420027328336742836e-06
-4.617364133941911919e-06
-3.696035368904907142e-06
-3.085067387087597898e-06
-2.792020977257495349e-06
-2.543665634657290742e-06
-2.543665634657290742e-06
-2.543665634657290742e-06
-2.543665634657290742e-06
-2.543665634657290742e-06
-2.543665634657290742e-06
-2.543665634657290742e-06
-2.543665634657290742e-06
-2.543665634657290742e-06
-2.543665634657290742e-06
-2.543665634657290742e-06
-2.543665634657290742e-06
-2.543665634657290742e-06
-2.543665634657290742e-06
-2.543665634657290742e-06
0.000000000000000000e+00
0.000000000000000000e+00
0.000000000000000000e+00
0.000000000000000000e+00
0.000000000000000000e+00
0.000000000000000000e+00
0.000000000000000000e+00
0.000000000000000000e+00
0.000000000000000000e+00
0.000000000000000000e+00
0.000000000000000000e+00
0.000000000000000000e+00
0.000000000000000000e+00
0.000000000000000000e+00
0.000000000000000000e+00
0.000000000000000000e+00
0.000000000000000000e+00
0.000000000000000000e+00
0.000000000000000000e+00
0.000000000000000000e+00
0.000000000000000000e+00
0.000000000000000000e+00
0.000000000000000000e+00
0.000000000000000000e+00
0.000000000000000000e+00
0.000000000000000000e+00
0.000000000000000000e+00
0.000000000000000000e+00
0.000000000000000000e+00
0.000000000000000000e+00
0.000000000000000000e+00
0.000000000000000000e+00
0.000000000000000000e+00
0.000000000000000000e+00
0.000000000000000000e+00
0.000000000000000000e+00
0.000000000000000000e+00
0.000000000000000000e+00
0.000000000000000000e+00
0.000000000000000000e+00
0.000000000000000000e+00
0.000000000000000000e+00
0.000000000000000000e+00
0.000000000000000000e+00
0.000000000000000000e+00
0.000000000000000000e+00
0.000000000000000000e+00
0.000000000000000000e+00
0.000000000000000000e+00
0.000000000000000000e+00
0.000000000000000000e+00
0.000000000000000000e+00
0.000000000000000000e+00
0.000000000000000000e+00
0.000000000000000000e+00
0.000000000000000000e+00
0.000000000000000000e+00
0.000000000000000000e+00
0.000000000000000000e+00
0.000000000000000000e+00
0.000000000000000000e+00
0.000000000000000000e+00
0.000000000000000000e+00
0.000000000000000000e+00
0.000000000000000000e+00
0.000000000000000000e+00
0.000000000000000000e+00
0.000000000000000000e+00
0.000000000000000000e+00
0.000000000000000000e+00
0.000000000000000000e+00
0.000000000000000000e+00
0.000000000000000000e+00
0.000000000000000000e+00
0.000000000000000000e+00
0.000000000000000000e+00
0.000000000000000000e+00
0.000000000000000000e+00
0.000000000000000000e+00
0.000000000000000000e+00
0.000000000000000000e+00
0.000000000000000000e+00
0.000000000000000000e+00
0.000000000000000000e+00
0.000000000000000000e+00
0.000000000000000000e+00
0.000000000000000000e+00
0.000000000000000000e+00
0.000000000000000000e+00
0.000000000000000000e+00
0.000000000000000000e+00
0.000000000000000000e+00
0.000000000000000000e+00
0.000000000000000000e+00
-1.577080455737099873e+00
-2.279799613306871642e+00
-2.774499364534294799e+00
-4.010766604088326304e+00
-6.486917773451617464e+00
-9.377367797895285406e+00
-1.141218268081639131e+01
-1.649722898977569940e+01
-2.712795489966544693e+01
-3.984429839261364492e+01
-4.865742243431759562e+01
-7.007339786963619588e+01
-1.103295427954574706e+02
-1.533541033196470096e+02
-1.814592574761948072e+02
-2.452480490805810120e+02
-3.522632644166837963e+02
-4.530508912699446000e+02
-5.129764116606789912e+02
-6.350361738277053973e+02
-8.052786747580538531e+02
-9.342757146946911462e+02
-7.940137171895174788e+02
-1.147697548986518314e+03
-1.855887786610688863e+03
-2.682211529764049828e+03
-3.263694667942778779e+03
-4.715999331736448767e+03
-7.621267944196765711e+03
-1.100658646959224643e+04
-1.338587848958107134e+04
-1.931772792904599919e+04
-3.113863526564542190e+04
-4.483655703017060296e+04
-5.441496069627122051e+04
-7.812045721822441556e+04
-1.309591371466846613e+05
-1.945816006044159876e+05
-2.349513986790388008e+05
-3.174313765180055634e+05
-4.133783036997923045e+05
-4.499730095436887350e+05
-4.517665952645437210e+05
-4.517665952645437210e+05
-4.597983094023267040e+05
-6.251220755081336247e+05
-7.294129940957330400e+05
-9.526866726863078075e+05
-1.486165249627768993e+06
-1.938781344132974278e+06
-1.966119327871932182e+06
-1.966119327871932182e+06
-1.966119327871932182e+06
-1.509519077831342118e+06
-1.589422497861181851e+06
-1.672171777011896484e+06
-1.743918572459256509e+06
-1.766702128383801319e+06
0.000000000000000000e+00
0.000000000000000000e+00
0.000000000000000000e+00
0.000000000000000000e+00
2.692263284589341492e+05
9.808972371197646717e+05
9.526866726862931391e+05
7.294129940957274521e+05
6.251220755081268726e+05
4.597983094023191952e+05
3.198562427684166469e+05
2.352179427723414847e+05
1.944702094820486964e+05
1.313982653074932750e+05
7.508834901605956838e+04
4.771584932167511579e+04
3.724218483330639719e+04
2.318697081420110408e+04
1.233394894315856800e+04
7.548121582439167469e+03
5.798656091118920813e+03
3.524810885407219757e+03
1.832292660239847692e+03
1.106533599191269104e+03
6.821925557371276909e+02
4.680653036131492399e+02
2.801877806485990732e+02
1.864126118419964087e+02
1.493648898328729047e+02
9.782899647759462880e+01
5.560428059758003627e+01
3.575476888072144988e+01
2.818144647100799105e+01
1.794725031738130383e+01
9.881330608612239885e+00
6.220051365003738120e+00
4.851886935323816985e+00
3.035066405419691193e+00
1.636921754974807408e+00
1.016074359595005250e+00
7.871304177448351647e-01
3.834147797872242691e-01
2.370596074497467454e-01
1.639889773600344547e-01
1.347493399101991063e-01
9.321455684682866671e-02
5.763316055429203860e-02
3.986846605862392340e-02
3.275982043115608505e-02
2.266201911456024523e-02
1.415822581290835346e-02
9.887247626481635715e-03
8.140360402758091765e-03
5.621220201422153818e-03
3.432502523308735357e-03
2.334875869091201494e-03
1.896816330365961104e-03
1.278803557217307900e-03
7.584045915420026219e-04
-8.604277804395268404e-05
-7.677339705615702841e-05
-5.740162427482894204e-05
-2.915847273584136915e-05
-6.192953302854131981e-06
0.000000000000000000e+00
0.000000000000000000e+00
0.000000000000000000e+00
0.000000000000000000e+00
0.000000000000000000e+00
0.000000000000000000e+00
0.000000000000000000e+00
0.000000000000000000e+00
0.000000000000000000e+00
0.000000000000000000e+00
0.000000000000000000e+00
0.000000000000000000e+00
0.000000000000000000e+00
0.000000000000000000e+00
-6.734703379833571367e-04
-8.693695812925227332e-04
-9.918035996098449342e-04
-1.259353586087487518e-03
-1.690348194273664801e-03
-2.088753438014587759e-03
-2.326036197900461719e-03
-2.817723041443952713e-03
-3.543928521964372341e-03
-7.656529187990296532e-03
-9.156390211853113539e-03
-1.272365126503817098e-02
-1.927615751151644588e-02
-2.620416634288386809e-02
-3.073177534866634170e-02
-4.109895895440061203e-02
-5.901684956954327682e-02
-7.677487774772896734e-02
-8.785611078666059892e-02
-1.119550096179232762e-01
-1.502488304030097921e-01
-1.848672906561724394e-01
-2.050591009362729422e-01
-2.457326472582672949e-01
-3.024428039591305351e-01
-3.463436304734854310e-01
-3.689501266593988582e-01
-4.079700004275996217e-01
-4.474491764102252467e-01
-4.645182734547131931e-01
-4.676441579747268595e-01
-4.604570374879484174e-01
-4.226823161736872891e-01
-2.158191898663325947e+00
-2.562229392796726124e+00
-3.499800933585984986e+00
-5.144403214760030707e+00
-6.786520246722179017e+00
-7.811316273482074024e+00
-1.002767064967741284e+01
-1.347837025456583682e+01
-1.648114159712163129e+01
-1.816536211845446047e+01
-2.136938681173852927e+01
-2.528733810649842439e+01
-2.770250034762296920e+01
-2.864774470391521177e+01
-2.955229757226128484e+01
-1.097478449735793902e+02
-1.586473807660920556e+02
-1.930708428001239554e+02
-2.790930597117973093e+02
-4.513767423173883913e+02
-1.073862402993809383e+03
-1.417536474397345501e+03
-2.386628800963594585e+03
-4.708545435817990437e+03
-7.923951445449032690e+03
-1.045530711005451849e+04
-1.758126350262864071e+04
-3.458322051470899896e+04
-5.796168773832418083e+04
-7.623192343687194807e+04
-1.270339365294238960e+05
-2.445716600451029663e+05
-3.980739478491996997e+05
-5.118078220753467176e+05
-8.014509924462614581e+05
-1.342363692351669073e+06
-1.837087095645898255e+06
-2.028282698629350634e+06
-2.239174147281367797e+06
-2.433150269885163754e+06
-2.496989430622079875e+06
2.496989430622079875e+06
2.433150269885163754e+06
2.239174147281367797e+06
2.028282698629350634e+06
1.837087095645898255e+06
1.342363692351669073e+06
8.014509924462555209e+05
5.118078220753428177e+05
3.980739478491969057e+05
2.445716600451020058e+05
1.270339365294236923e+05
7.623192343687194807e+04
5.796168773832418083e+04
3.458322051470892620e+04
1.758126350262852793e+04
1.045530711005443300e+04
7.923951445448964478e+03
4.708545435817938596e+03
2.386628800963577305e+03
1.417536474397332768e+03
1.073862402993801425e+03
6.377517665472360022e+02
3.231284665956411573e+02
1.918897436599199011e+02
1.453584680789384436e+02
8.631983637217710736e+01
4.373312638108278350e+01
2.597031461823522136e+01
1.967262396839950256e+01
1.168229389316999445e+01
5.918679808090828942e+00
3.514715669646285789e+00
2.662409194416106129e+00
1.581029746968463101e+00
8.010070280735739345e-01
4.756653297620007104e-01
3.603180683151108177e-01
2.139691671132578910e-01
1.084045280351049051e-01
6.437430742449253007e-02
4.876375086920584079e-02
2.895757890667240847e-02
1.467095778079429216e-02
8.712115225441472224e-03
6.599456091215827498e-03
3.918982162806179670e-03
1.985498231653573965e-03
1.179056583401503480e-03
8.931392603315900947e-04
5.303765613620564949e-04
2.687079656388939608e-04
1.595679566991708921e-04
1.208732547853841761e-04
7.177866216057812135e-05
3.636566863936355762e-05
2.159517461596583383e-05
1.938781344132968225e+06
1.486165249627767596e+06
9.526866726863001240e+05
7.294129940957317594e+05
6.251220755081336247e+05
4.597983094023234444e+05
4.517665952645403449e+05
4.517665952645403449e+05
4.499730095436853589e+05
4.133783036997890449e+05
3.174313765180034097e+05
2.349513986790373456e+05
1.945816006044148817e+05
1.309591371466839773e+05
7.812045721822518681e+04
5.441496069627182442e+04
4.483655703017156338e+04
3.113863526564604399e+04
1.931772792904604648e+04
1.338587848958099676e+04
1.100658646959216821e+04
7.621267944196658391e+03
9.102211755790131065e+03
9.102211755790131065e+03
9.087919312098962109e+03
8.785480412905899357e+03
7.874589589599058854e+03
6.900315516446144102e+03
6.327533453291421210e+03
5.224762755530039612e+03
3.861023040674533149e+03
2.952284721470699424e+03
2.528946224919890483e+03
1.853736481280711814e+03
1.192949908329193477e+03
8.308632678197067207e+02
9.342757146946890998e+02
8.052786747580524889e+02
6.350361738277017594e+02
5.129764116606770585e+02
4.530508912699421558e+02
3.522632644166830573e+02
2.452480490805810120e+02
1.814592574761958588e+02
1.533541033196475780e+02
1.103295427954582948e+02
7.007339786963619588e+01
4.865742243431759562e+01
3.984429839261358097e+01
2.712795489966533680e+01
1.649722898977562480e+01
1.141218268081632203e+01
9.377367797895173496e+00
9.465584899736278146e+00
7.287190086574099723e+00
5.843826083498255386e+00
5.159699997755502032e+00
4.034400190636033834e+00
2.859734204216014763e+00
2.160315928269399333e+00
1.849966450544116014e+00
1.369026475336899473e+00
9.072357480039582311e-01
6.530627696640300961e-01
5.456728680987829039e-01
3.864252871583908067e-01
2.427388681458482467e-01
2.618398557272991756e-01
2.448099958049869962e-01
2.132559515637230951e-01
1.741364755964268651e-01
1.465952693859252087e-01
1.329692219486642846e-01
1.095546692075157341e-01
8.338662565873344867e-02
6.664445226523078858e-02
5.884018937106046815e-02
0.000000000000000000e+00
0.000000000000000000e+00
0.000000000000000000e+00
0.000000000000000000e+00
0.000000000000000000e+00
0.000000000000000000e+00
0.000000000000000000e+00
0.000000000000000000e+00
0.000000000000000000e+00
0.000000000000000000e+00
0.000000000000000000e+00
0.000000000000000000e+00
0.000000000000000000e+00
0.000000000000000000e+00
0.000000000000000000e+00
0.000000000000000000e+00
0.000000000000000000e+00
0.000000000000000000e+00
0.000000000000000000e+00
0.000000000000000000e+00
0.000000000000000000e+00
0.000000000000000000e+00
0.000000000000000000e+00
0.000000000000000000e+00
0.000000000000000000e+00
0.000000000000000000e+00
0.000000000000000000e+00
0.000000000000000000e+00
0.000000000000000000e+00
0.000000000000000000e+00
0.000000000000000000e+00
0.000000000000000000e+00
0.000000000000000000e+00
0.000000000000000000e+00
0.000000000000000000e+00
0.000000000000000000e+00
0.000000000000000000e+00
0.000000000000000000e+00
0.000000000000000000e+00
0.000000000000000000e+00
0.000000000000000000e+00
0.000000000000000000e+00
0.000000000000000000e+00
0.000000000000000000e+00
0.000000000000000000e+00
0.000000000000000000e+00
0.000000000000000000e+00
0.000000000000000000e+00
0.000000000000000000e+00
0.000000000000000000e+00
0.000000000000000000e+00
0.000000000000000000e+00
0.000000000000000000e+00
0.000000000000000000e+00
0.000000000000000000e+00
0.000000000000000000e+00
0.000000000000000000e+00
0.000000000000000000e+00
0.000000000000000000e+00
0.000000000000000000e+00
0.000000000000000000e+00
0.000000000000000000e+00
0.000000000000000000e+00
0.000000000000000000e+00
0.000000000000000000e+00
0.000000000000000000e+00
0.000000000000000000e+00
0.000000000000000000e+00
0.000000000000000000e+00
0.000000000000000000e+00
0.000000000000000000e+00
0.000000000000000000e+00
0.000000000000000000e+00
0.000000000000000000e+00
0.000000000000000000e+00
0.000000000000000000e+00
0.000000000000000000e+00
0.000000000000000000e+00
0.000000000000000000e+00
0.000000000000000000e+00
0.000000000000000000e+00
0.000000000000000000e+00
0.000000000000000000e+00
0.000000000000000000e+00
0.000000000000000000e+00
0.000000000000000000e+00
0.000000000000000000e+00
0.000000000000000000e+00
0.000000000000000000e+00
0.000000000000000000e+00
0.000000000000000000e+00
0.000000000000000000e+00
0.000000000000000000e+00
0.000000000000000000e+00
0.000000000000000000e+00
1.721693430657029796e-05
1.641279977035959304e-05
1.518357745983274378e-05
1.413706941460490343e-05
1.355301738793706678e-05
1.242532236669315278e-05
1.092904064856129396e-05
9.793713316644947356e-06
9.201032220361895743e-06
8.123792057839675121e-06
8.123792057839614134e-06
9.201032220361860168e-06
9.793713316644908393e-06
1.092904064856129396e-05
1.242532236669315278e-05
1.355301738793706678e-05
1.413706941460485092e-05
1.518357745983274378e-05
1.641279977035959304e-05
1.721693430657029796e-05
1.758712563198451068e-05
1.815862657359159642e-05
1.863872834893408917e-05
1.878832912478568357e-05
1.879528807134360304e-05
1.879528807134360304e-05
1.879528807134360304e-05
1.879528807134360304e-05
1.879528807134360304e-05
1.879528807134360304e-05
1.879528807134360304e-05
1.879528807134360304e-05
-2.159517461596583383e-05
-3.636566863936355762e-05
-7.177866216057812135e-05
-1.208732547853841761e-04
-1.595679566991708921e-04
-2.687079656388939608e-04
-5.303765613620564949e-04
-8.931392603315900947e-04
-1.179056583401511937e-03
-1.985498231653595215e-03
-3.918982162806207425e-03
-6.599456091215875203e-03
-8.712115225441472224e-03
-1.467095778079439451e-02
-2.895757890667220724e-02
-4.876375086920584079e-02
-6.437430742449186394e-02
-1.084045280351041141e-01
-2.139691671132562811e-01
-3.603180683151082087e-01
-4.756653297620007104e-01
-8.010070280735739345e-01
-1.581029746968463101e+00
-2.662409194416120783e+00
-3.514715669646285789e+00
-5.918679808090828942e+00
-1.168229389316999445e+01
-1.967262396839950256e+01
-2.597031461823522136e+01
-4.373312638108278350e+01
-8.631983637217710736e+01
-1.453584680789384436e+02
-1.918897436599199011e+02
-3.231284665956400204e+02
-6.377517665472383896e+02
-1.073862402993801425e+03
-1.417536474397345501e+03
-2.386628800963585945e+03
-4.708545435817999532e+03
-7.923951445449032690e+03
-1.045530711005451849e+04
-1.758126350262860797e+04
-3.458322051470878796e+04
-5.796168773832365696e+04
-7.623192343687133689e+04
-1.270339365294226154e+05
-2.445716600451020058e+05
-3.980739478491969057e+05
-5.118078220753446803e+05
-8.014509924462583149e+05
-1.342363692351665115e+06
-1.837087095645894064e+06
-2.028282698629347607e+06
-2.239174147281365469e+06
-2.433150269885161426e+06
-2.496989430622078478e+06
2.496989430622079875e+06
2.433150269885163754e+06
2.239174147281367797e+06
2.028282698629350634e+06
1.837087095645898255e+06
1.342363692351669073e+06
8.014509924462614581e+05
5.118078220753467176e+05
3.980739478491996997e+05
2.445716600451029663e+05
1.270339365294236923e+05
7.623192343687165703e+04
5.796168773832391162e+04
3.458322051470892620e+04
1.758126350262860797e+04
1.045530711005451849e+04
7.923951445449032690e+03
4.708545435817990437e+03
2.386628800963594585e+03
1.417536474397345501e+03
1.073862402993809383e+03
6.377517665472405497e+02
3.231284665956428057e+02
1.918897436599208959e+02
1.453584680789389836e+02
8.631983637217737737e+01
4.373312638108278350e+01
2.597031461823522136e+01
1.967262396839950256e+01
1.168229389317001754e+01
5.918679808090808514e+00
3.514715669646285789e+00
2.662409194416106129e+00
1.581029746968465766e+00
8.010070280735709369e-01
4.756653297620023757e-01
3.603180683151095409e-01
2.139691671132586126e-01
1.084045280351049051e-01
6.437430742449276599e-02
4.876375086920600732e-02
2.895757890667240847e-02
1.467095778079439451e-02
8.712115225441536409e-03
6.599456091215852652e-03
3.918982162806207425e-03
1.985498231653595215e-03
1.179056583401516057e-03
8.931392603315961663e-04
5.303765613620602896e-04
2.687079656388959123e-04
1.595679566991731147e-04
1.208732547853846233e-04
7.177866216057888029e-05
3.451748500852254913e-05
2.136346578155448212e-05
1.653288948450364759e-05
1.020812059872354582e-05
5.429902085293911257e-06
3.341857340131551391e-06
2.578813616703416853e-06
1.584073638229992194e-06
8.372801985396945274e-07
5.129583218578490348e-07
3.949095263996966448e-07
2.415563589270260746e-07
1.270149642554985463e-07
7.752303039888048235e-08
5.956714499387370503e-08
-3.450760246461958041e-08
-5.858034944709917571e-08
-8.753117900585958094e-08
-1.380563212312264970e-07
-2.283273406879550440e-07
-4.397804867954737348e-07
-7.262701962090565465e-07
-9.485853537058635017e-07
-1.564839997234674889e-06
-3.003405418245537779e-06
-4.945697976716237718e-06
-6.449303418853549738e-06
-1.060598704410756787e-05
-2.026803979774893468e-05
-3.325724923074056165e-05
-4.328277379384244048e-05
-7.090448770572545234e-05
-1.347690304314924192e-04
-2.201610351008819670e-04
-2.858216795201705060e-04
-4.659515858775235093e-04
-8.796171039759540042e-04
-1.428891680150913947e-03
-1.849203710910941878e-03
-2.995897875505721709e-03
-5.606185264179313482e-03
-9.040869361091019921e-03
-1.165245013122406456e-02
-1.872553305576120375e-02
-3.463952824968855038e-02
-5.532706872404903609e-02
-7.092278329711423912e-02
-1.127470454831237118e-01
-2.053665135022530730e-01
-3.237793697307563834e-01
-4.119958712394498623e-01
-6.453543215578683157e-01
-1.150756285585966099e+00
-1.781841432052952756e+00
-2.244099645549735289e+00
-3.443085321029387025e+00
-5.957374362141460544e+00
-8.989860669789450753e+00
-1.115585987092725873e+01
-1.661110370406281689e+01
-2.750560456065564452e+01
-3.996124823920421676e+01
-4.851409123991230388e+01
-6.908015989327735440e+01
-1.097478449735790491e+02
-1.586473807660906346e+02
-1.930708428001216532e+02
-2.790930597117940124e+02
-4.513767423173861744e+02
-6.524652453410382122e+02
-1.106533599191273197e+03
-1.832292660239847692e+03
-3.524810885407219757e+03
-5.798656091118920813e+03
-7.548121582439167469e+03
-1.233394894315856800e+04
-2.318697081420110408e+04
-3.724218483330639719e+04
-4.771584932167546503e+04
-7.508834901605956838e+04
-1.313982653074951668e+05
-1.944702094820498023e+05
-2.352179427723427361e+05
-3.198562427684178692e+05
-4.597983094023224548e+05
-6.251220755081316456e+05
-7.294129940957286162e+05
-9.526866726862939540e+05
-1.275564661743622506e+06
-1.509519077831342118e+06
-1.589422497861181851e+06
-1.672171777011896251e+06
-1.743918572459256276e+06
-1.766702128384232987e+06
2.496989430622078478e+06
2.433150269885161426e+06
2.239174147281365469e+06
2.028282698629347607e+06
