4.652900746376107633e+07
9.103951930832600594e+07
1.337187680661834925e+08
1.747268339893386066e+08
2.141977333702190220e+08
2.522483187340854704e+08
2.890004999954110384e+08
3.245706457161061764e+08
3.590544186096306443e+08
3.925331321220062971e+08
4.250782779924685955e+08
4.567536035195084214e+08
4.876160909570509791e+08
5.199801432250765562e+08
5.566648586578305960e+08
5.929273851892497540e+08
6.287657749834963083e+08
6.641805227860193253e+08
6.991737637864767313e+08
7.337487335221954584e+08
7.679093856233639717e+08
8.016601117305612564e+08
8.350055597304157019e+08
8.679505156906554699e+08
9.004998283993155956e+08
9.326583579090023041e+08
9.644306863635010719e+08
9.958202786506363153e+08
1.026829092340256691e+09
1.057459988282621026e+09
1.087717699914740324e+09
1.117608101411664724e+09
1.147138362089672565e+09
1.176316371181732655e+09
1.205153824820649624e+09
1.233665346907575369e+09
1.261862949400053263e+09
1.289756562056131363e+09
1.317354435294139624e+09
1.344663446070964336e+09
1.371688973701809883e+09
1.398436074690761089e+09
1.424909867280861855e+09
1.451114852618269444e+09
1.477054967853858948e+09
1.502733610770144939e+09
1.528153669675468922e+09
1.553317555972595215e+09
1.578227238468024015e+09
1.602884661662585020e+09
