3.762590561003633205e+00
3.763739212316508542e+00
3.764860337194218864e+00
3.765978586431331099e+00
3.767111983069921344e+00
3.768271842873131661e+00
3.769448228105839682e+00
3.770608350504834672e+00
3.771733089740581857e+00
3.772821249519187070e+00
3.773874166709026756e+00
3.774893332193022921e+00
3.775880212457518148e+00
3.776836291196844719e+00
3.777763017430904480e+00
3.778661780044163088e+00
3.779533907808296345e+00
3.780380665941175611e+00
3.781203240737624149e+00
3.782002782277114061e+00
3.782780388668975480e+00
3.783537080495210425e+00
3.784273825813452508e+00
3.784991548919816040e+00
3.785691141697541617e+00
3.786373441676268214e+00
3.787039222071605593e+00
3.787689213751415984e+00
3.788324122199390853e+00
3.788944622260387973e+00
3.789551357784959329e+00
3.790144937212983844e+00
3.790725927106255000e+00
3.791294861821336237e+00
3.791852234922914011e+00
3.792398534924078746e+00
3.792934226155527888e+00
3.793459737683351651e+00
3.793975473689538802e+00
3.794481813545291793e+00
3.794979091788741155e+00
3.795466905796364809e+00
3.795944486172382781e+00
3.796412290875736506e+00
3.796870810330036594e+00
3.797320507189842598e+00
3.797761819468123079e+00
3.798195161694791100e+00
3.798620926377478391e+00
3.799039489198106079e+00
