4.569924491163397033e+04
4.574887595622501249e+04
4.578934694233610935e+04
4.582615956701936375e+04
4.585717943375387404e+04
4.588276963163485198e+04
4.590293736575960065e+04
4.591816797935658542e+04
4.593540246290595678e+04
4.595488160092387261e+04
4.597207022208228591e+04
4.598708860275636835e+04
4.601108397665050870e+04
4.603601646155511116e+04
4.606022759540592961e+04
4.608371593305696297e+04
4.610648302971658268e+04
4.612853296610990947e+04
4.614987192625988973e+04
4.617133568884200940e+04
4.619506927295661444e+04
4.621845227018769219e+04
4.624148501424081769e+04
4.626416838622742216e+04
4.628650374625088443e+04
4.630849286998654134e+04
4.633013788247000048e+04
4.635144120574873523e+04
4.637240552201224637e+04
4.639303373732632463e+04
4.641332894876549835e+04
4.643329441275147838e+04
4.645293351348151191e+04
4.647224973806376511e+04
4.649124664955540356e+04
4.650992788026146445e+04
4.652829711622628383e+04
4.654635807813538122e+04
4.656411450866350060e+04
4.658157012314736494e+04
4.659872849633878650e+04
4.661559457908812328e+04
4.663217887272979715e+04
4.664881925547924766e+04
4.666577147118480207e+04
4.668254203617442545e+04
4.669913779036802589e+04
4.671556475413346197e+04
4.673182820328613889e+04
4.674793273446332023e+04
