2.965072219463226429e+04
6.067812338232250477e+04
9.030524797735063476e+04
1.202140147428180353e+05
1.392381191837509105e+05
1.559914114149484667e+05
1.715054247606698773e+05
1.867392193015389785e+05
2.026023550875817600e+05
2.149710790792779881e+05
2.213385852653868496e+05
2.282337512377445819e+05
2.363637337592363183e+05
2.463145818524111819e+05
2.585171504205332021e+05
2.732313484003891936e+05
2.898141291466390830e+05
2.906937771062724642e+05
2.923329444153917138e+05
2.950458523535667337e+05
2.990959074810273014e+05
3.046861510172391427e+05
3.119536795206519309e+05
3.209691229298155522e+05
3.317414859053916880e+05
3.442273415211104439e+05
3.583425692588306847e+05
3.715744896314036450e+05
3.868171682941173203e+05
4.068434231269312440e+05
3.920942215182458749e+05
3.901111100420537405e+05
4.015578826092869276e+05
4.256781619186071912e+05
4.373849027647996554e+05
4.388827798869635444e+05
4.503850027250695275e+05
4.711800542134860298e+05
5.000662909188013291e+05
5.356428338294766145e+05
5.765422197766799945e+05
6.215645394425643608e+05
6.589846352666062303e+05
6.678265834890286205e+05
6.808953680589958094e+05
6.978326680083486717e+05
7.182375944942510687e+05
7.416922588134761900e+05
7.677827197792605730e+05
7.961140835765339434e+05
