4.531175174456477544e+04
4.501528506132205803e+04
4.474012279047790071e+04
4.448341345842579904e+04
4.424209883761612582e+04
4.401355885945843329e+04
4.379564808754860860e+04
4.358678254648908478e+04
4.338582720589899691e+04
4.319189141418247891e+04
4.300424579950975749e+04
4.282228358422305610e+04
4.264549566199964465e+04
4.247345105485039676e+04
4.230578188440606027e+04
4.214217168857806246e+04
4.198234619651437242e+04
4.182606601310584665e+04
4.167312083804374561e+04
4.152332462950360787e+04
4.137651175106781011e+04
4.123253394436314557e+04
4.109125774856687349e+04
4.095256234009007312e+04
4.081633772716355452e+04
4.068248327255083859e+04
4.055090310840323218e+04
4.042149252747613355e+04
4.029413143093529652e+04
4.016870521053812263e+04
4.004511676923159393e+04
3.992328284386706218e+04
3.980311906779366109e+04
3.968454562900450401e+04
3.956750429679207446e+04
3.945195505260179198e+04
3.933786062902255071e+04
3.922518666156985273e+04
3.911390166378617141e+04
3.900397692369484139e+04
3.889538147309880878e+04
3.878807226631570666e+04
3.868201389369791286e+04
3.857717575744118949e+04
3.847353121053940413e+04
3.837105704778307700e+04
3.826973306248707377e+04
3.816954166343255201e+04
3.807046753997322958e+04
3.797249738350393454e+04
