3.762590460475853771e+00
3.763739009310282491e+00
3.764860032550937152e+00
3.765978177275988603e+00
3.767111460786460420e+00
3.768271199874562605e+00
3.769447468938092349e+00
3.770607482858998605e+00
3.771732110660113602e+00
3.772820154921849412e+00
3.773872953393995200e+00
3.774891997636169449e+00
3.775878754811651916e+00
3.776834709177964378e+00
3.777761310178977538e+00
3.778659947157859911e+00
3.779531949256286438e+00
3.780378582039063851e+00
3.781201032228209691e+00
3.782000450155189597e+00
3.782777934115735263e+00
3.783534504978861790e+00
3.784271131062083793e+00
3.784988736838477585e+00
3.785688207345060174e+00
3.786370382919235222e+00
3.787036041367228378e+00
3.787685913616597233e+00
3.788320705212137707e+00
3.788941090994936811e+00
3.789547714779584187e+00
3.790141184963378596e+00
3.790722068108152598e+00
3.791290898542132304e+00
3.791848169829463711e+00
3.792394370431146022e+00
3.792929964617976601e+00
3.793455381415022032e+00
3.793971024947848658e+00
3.794477274519784338e+00
3.794974464689628402e+00
3.795462194080969187e+00
3.795939695068604625e+00
3.796407425202874109e+00
3.796865874444387501e+00
3.797315505023055593e+00
3.797756754561375736e+00
3.798190037231440108e+00
3.798615745209086736e+00
3.799034253866184763e+00
