1.000000000000000590e-06 -1.000000000000000082e-05
1.000000000000000590e-06 -9.600000000000001260e-06
9.200000000000001701e-06 -9.800000000000001039e-06
9.000000000000000228e-06 -9.600000000000001260e-06
9.600000000000001260e-06 -9.800000000000001039e-06
9.799999999999999345e-06 -1.000000000000000082e-05
1.000000000000000590e-06 -9.200000000000000007e-06
8.399999999999999196e-06 -9.400000000000001480e-06
8.200000000000001111e-06 -9.200000000000000007e-06
8.800000000000002143e-06 -9.400000000000001480e-06
1.000000000000000590e-06 -8.800000000000000449e-06
7.999999999999999638e-06 -9.000000000000000228e-06
7.800000000000001553e-06 -8.800000000000000449e-06
1.000000000000000590e-06 -8.400000000000000890e-06
7.600000000000000080e-06 -8.600000000000000670e-06
7.400000000000001994e-06 -8.400000000000000890e-06
1.000000000000000590e-06 -8.000000000000001332e-06
6.800000000000000963e-06 -8.200000000000001111e-06
6.599999999999999490e-06 -8.000000000000001332e-06
7.200000000000000521e-06 -8.200000000000001111e-06
1.000000000000000590e-06 -7.600000000000000080e-06
6.400000000000001404e-06 -7.799999999999999859e-06
6.199999999999999931e-06 -7.600000000000000080e-06
1.200000000000000369e-06 -7.400000000000000300e-06
1.400000000000000148e-06 -7.200000000000000521e-06
6.000000000000001846e-06 -7.400000000000000300e-06
5.800000000000000373e-06 -7.200000000000000521e-06
1.200000000000000369e-06 -7.000000000000000742e-06
1.000000000000000590e-06 -6.800000000000000963e-06
1.400000000000000148e-06 -6.800000000000000963e-06
5.200000000000001035e-06 -7.000000000000000742e-06
5.000000000000001256e-06 -6.800000000000000963e-06
5.599999999999998900e-06 -7.000000000000000742e-06
8.000000000000008108e-07 -6.600000000000000337e-06
5.999999999999993376e-07 -6.400000000000000557e-06
1.599999999999999928e-06 -6.600000000000000337e-06
1.999999999999999486e-06 -6.600000000000000337e-06
2.400000000000000738e-06 -6.600000000000000337e-06
2.800000000000000297e-06 -6.600000000000000337e-06
3.199999999999999855e-06 -6.600000000000000337e-06
3.600000000000001108e-06 -6.600000000000000337e-06
4.000000000000000666e-06 -6.600000000000000337e-06
4.400000000000000224e-06 -6.600000000000000337e-06
4.799999999999999783e-06 -6.600000000000000337e-06
5.000000000000001256e-06 -6.400000000000000557e-06
3.999999999999995584e-07 -6.199999999999999931e-06
1.999999999999997792e-07 -6.000000000000000152e-06
4.799999999999999783e-06 -6.199999999999999931e-06
4.600000000000000004e-06 -6.000000000000000152e-06
1.999999999999997792e-07 -5.600000000000000594e-06
4.799999999999999783e-06 -5.800000000000000373e-06
5.000000000000001256e-06 -5.600000000000000594e-06
0.000000000000000000e+00 -5.400000000000000814e-06
-1.999999999999997792e-07 -5.200000000000000188e-06
5.000000000000001256e-06 -5.200000000000000188e-06
-3.999999999999995584e-07 -5.000000000000000409e-06
-5.999999999999993376e-07 -4.800000000000000630e-06
5.000000000000001256e-06 -4.800000000000000630e-06
-9.600000000000001260e-06 -4.600000000000000004e-06
-1.000000000000000082e-05 -4.600000000000000004e-06
-9.200000000000000007e-06 -4.600000000000000004e-06
-8.800000000000000449e-06 -4.600000000000000004e-06
-8.400000000000000890e-06 -4.600000000000000004e-06
-8.200000000000001111e-06 -4.400000000000000224e-06
-5.999999999999993376e-07 -4.400000000000000224e-06
5.000000000000001256e-06 -4.400000000000000224e-06
-8.000000000000001332e-06 -4.200000000000000445e-06
-7.600000000000000080e-06 -4.200000000000000445e-06
-7.200000000000000521e-06 -4.200000000000000445e-06
-6.800000000000000963e-06 -4.200000000000000445e-06
-6.400000000000000557e-06 -4.200000000000000445e-06
-6.000000000000000152e-06 -4.200000000000000445e-06
-5.600000000000000594e-06 -4.200000000000000445e-06
-5.200000000000000188e-06 -4.200000000000000445e-06
-4.800000000000000630e-06 -4.200000000000000445e-06
-4.400000000000000224e-06 -4.200000000000000445e-06
-4.000000000000000666e-06 -4.200000000000000445e-06
-3.600000000000000261e-06 -4.200000000000000445e-06
-3.199999999999999855e-06 -4.200000000000000445e-06
-3.000000000000000076e-06 -4.000000000000000666e-06
-1.200000000000000369e-06 -4.200000000000000445e-06
-1.400000000000000148e-06 -4.000000000000000666e-06
-8.000000000000008108e-07 -4.200000000000000445e-06
5.200000000000001035e-06 -4.200000000000000445e-06
5.400000000000000814e-06 -4.000000000000000666e-06
-2.800000000000000297e-06 -3.800000000000000040e-06
-2.399999999999999891e-06 -3.800000000000000040e-06
-1.999999999999999486e-06 -3.800000000000000040e-06
-1.599999999999999928e-06 -3.800000000000000040e-06
-1.400000000000000148e-06 -3.600000000000000261e-06
5.400000000000000814e-06 -3.600000000000000261e-06
-1.400000000000000148e-06 -3.199999999999999855e-06
5.400000000000000814e-06 -3.199999999999999855e-06
-1.200000000000000369e-06 -3.000000000000000076e-06
-1.000000000000000590e-06 -2.800000000000000297e-06
5.400000000000000814e-06 -2.800000000000000297e-06
-1.000000000000000590e-06 -2.399999999999999891e-06
5.400000000000000814e-06 -2.399999999999999891e-06
-1.000000000000000590e-06 -1.999999999999999486e-06
5.400000000000000814e-06 -1.999999999999999486e-06
-8.000000000000008108e-07 -1.799999999999999707e-06
-5.999999999999993376e-07 -1.599999999999999928e-06
5.400000000000000814e-06 -1.599999999999999928e-06
-5.999999999999993376e-07 -1.200000000000000369e-06
5.400000000000000814e-06 -1.200000000000000369e-06
-5.999999999999993376e-07 -8.000000000000008108e-07
5.400000000000000814e-06 -8.000000000000008108e-07
-5.999999999999993376e-07 -3.999999999999995584e-07
5.599999999999998900e-06 -5.999999999999993376e-07
5.800000000000000373e-06 -3.999999999999995584e-07
-3.999999999999995584e-07 -1.999999999999997792e-07
-1.999999999999997792e-07 0.000000000000000000e+00
6.000000000000001846e-06 -1.999999999999997792e-07
6.199999999999999931e-06 0.000000000000000000e+00
-1.999999999999997792e-07 3.999999999999995584e-07
4.400000000000000224e-06 1.999999999999997792e-07
4.200000000000000445e-06 3.999999999999995584e-07
4.799999999999999783e-06 1.999999999999997792e-07
5.200000000000001035e-06 1.999999999999997792e-07
5.599999999999998900e-06 1.999999999999997792e-07
6.000000000000001846e-06 1.999999999999997792e-07
6.199999999999999931e-06 3.999999999999995584e-07
-1.999999999999997792e-07 8.000000000000008108e-07
4.200000000000000445e-06 8.000000000000008108e-07
6.400000000000001404e-06 5.999999999999993376e-07
6.599999999999999490e-06 8.000000000000008108e-07
0.000000000000000000e+00 1.000000000000000590e-06
1.999999999999997792e-07 1.200000000000000369e-06
2.400000000000000738e-06 1.000000000000000590e-06
2.200000000000000959e-06 1.200000000000000369e-06
2.800000000000000297e-06 1.000000000000000590e-06
3.199999999999999855e-06 1.000000000000000590e-06
3.600000000000001108e-06 1.000000000000000590e-06
4.000000000000000666e-06 1.000000000000000590e-06
6.800000000000000963e-06 1.000000000000000590e-06
6.999999999999999048e-06 1.200000000000000369e-06
1.999999999999997792e-07 1.599999999999999928e-06
1.999999999999999486e-06 1.400000000000000148e-06
1.799999999999999707e-06 1.599999999999999928e-06
6.999999999999999048e-06 1.599999999999999928e-06
1.999999999999997792e-07 1.999999999999999486e-06
8.000000000000008108e-07 1.799999999999999707e-06
5.999999999999993376e-07 1.999999999999999486e-06
1.200000000000000369e-06 1.799999999999999707e-06
1.599999999999999928e-06 1.799999999999999707e-06
6.999999999999999048e-06 1.999999999999999486e-06
1.999999999999997792e-07 2.400000000000000738e-06
5.999999999999993376e-07 2.400000000000000738e-06
7.200000000000000521e-06 2.200000000000000959e-06
7.400000000000001994e-06 2.400000000000000738e-06
3.999999999999995584e-07 2.600000000000000518e-06
1.999999999999997792e-07 2.800000000000000297e-06
7.600000000000000080e-06 2.600000000000000518e-06
7.800000000000001553e-06 2.800000000000000297e-06
1.999999999999997792e-07 3.199999999999999855e-06
7.800000000000001553e-06 3.199999999999999855e-06
1.999999999999997792e-07 3.600000000000001108e-06
7.999999999999999638e-06 3.399999999999999634e-06
8.200000000000001111e-06 3.600000000000001108e-06
0.000000000000000000e+00 3.800000000000000887e-06
-1.999999999999997792e-07 4.000000000000000666e-06
1.999999999999997792e-07 4.000000000000000666e-06
8.399999999999999196e-06 3.800000000000000887e-06
8.200000000000001111e-06 4.000000000000000666e-06
8.600000000000000670e-06 4.000000000000000666e-06
-3.999999999999995584e-07 4.200000000000000445e-06
-5.999999999999993376e-07 4.400000000000000224e-06
3.999999999999995584e-07 4.200000000000000445e-06
5.999999999999993376e-07 4.400000000000000224e-06
6.800000000000000963e-06 4.200000000000000445e-06
6.599999999999999490e-06 4.400000000000000224e-06
7.200000000000000521e-06 4.200000000000000445e-06
7.600000000000000080e-06 4.200000000000000445e-06
7.999999999999999638e-06 4.200000000000000445e-06
8.800000000000002143e-06 4.200000000000000445e-06
9.000000000000000228e-06 4.400000000000000224e-06
-1.599999999999999928e-06 4.600000000000000004e-06
-1.799999999999999707e-06 4.799999999999999783e-06
-1.200000000000000369e-06 4.600000000000000004e-06
-8.000000000000008108e-07 4.600000000000000004e-06
5.999999999999993376e-07 4.799999999999999783e-06
4.400000000000000224e-06 4.600000000000000004e-06
4.200000000000000445e-06 4.799999999999999783e-06
4.799999999999999783e-06 4.600000000000000004e-06
5.200000000000001035e-06 4.600000000000000004e-06
5.599999999999998900e-06 4.600000000000000004e-06
6.000000000000001846e-06 4.600000000000000004e-06
6.400000000000001404e-06 4.600000000000000004e-06
9.200000000000001701e-06 4.600000000000000004e-06
9.600000000000001260e-06 4.600000000000000004e-06
1.000000000000000082e-05 4.600000000000000004e-06
-1.999999999999999486e-06 5.000000000000001256e-06
-2.200000000000000959e-06 5.200000000000001035e-06
8.000000000000008108e-07 5.000000000000001256e-06
1.000000000000000590e-06 5.200000000000001035e-06
3.600000000000001108e-06 5.000000000000001256e-06
3.399999999999999634e-06 5.200000000000001035e-06
4.000000000000000666e-06 5.000000000000001256e-06
-2.399999999999999891e-06 5.400000000000000814e-06
-2.600000000000000518e-06 5.599999999999998900e-06
1.200000000000000369e-06 5.400000000000000814e-06
1.599999999999999928e-06 5.400000000000000814e-06
1.400000000000000148e-06 5.599999999999998900e-06
1.999999999999999486e-06 5.400000000000000814e-06
2.400000000000000738e-06 5.400000000000000814e-06
2.800000000000000297e-06 5.400000000000000814e-06
3.199999999999999855e-06 5.400000000000000814e-06
-2.800000000000000297e-06 5.800000000000000373e-06
-3.000000000000000076e-06 6.000000000000001846e-06
1.400000000000000148e-06 6.000000000000001846e-06
-3.600000000000000261e-06 6.199999999999999931e-06
-3.800000000000000040e-06 6.400000000000001404e-06
-3.199999999999999855e-06 6.199999999999999931e-06
1.400000000000000148e-06 6.400000000000001404e-06
-4.800000000000000630e-06 6.599999999999999490e-06
-5.000000000000000409e-06 6.800000000000000963e-06
-4.400000000000000224e-06 6.599999999999999490e-06
-4.000000000000000666e-06 6.599999999999999490e-06
1.400000000000000148e-06 6.800000000000000963e-06
-5.200000000000000188e-06 6.999999999999999048e-06
-5.400000000000000814e-06 7.200000000000000521e-06
1.400000000000000148e-06 7.200000000000000521e-06
-6.000000000000000152e-06 7.400000000000001994e-06
-6.199999999999999931e-06 7.600000000000000080e-06
-5.600000000000000594e-06 7.400000000000001994e-06
1.400000000000000148e-06 7.600000000000000080e-06
-6.400000000000000557e-06 7.800000000000001553e-06
-6.600000000000000337e-06 7.999999999999999638e-06
1.400000000000000148e-06 7.999999999999999638e-06
-7.200000000000000521e-06 8.200000000000001111e-06
-7.400000000000000300e-06 8.399999999999999196e-06
-6.800000000000000963e-06 8.200000000000001111e-06
1.400000000000000148e-06 8.399999999999999196e-06
-8.400000000000000890e-06 8.600000000000000670e-06
-8.600000000000000670e-06 8.800000000000002143e-06
-8.000000000000001332e-06 8.600000000000000670e-06
-7.600000000000000080e-06 8.600000000000000670e-06
1.400000000000000148e-06 8.800000000000002143e-06
-8.800000000000000449e-06 9.000000000000000228e-06
-9.000000000000000228e-06 9.200000000000001701e-06
1.400000000000000148e-06 9.200000000000001701e-06
-9.600000000000001260e-06 9.399999999999999786e-06
-9.800000000000001039e-06 9.600000000000001260e-06
-9.200000000000000007e-06 9.399999999999999786e-06
1.400000000000000148e-06 9.600000000000001260e-06
-1.000000000000000082e-05 9.799999999999999345e-06
1.400000000000000148e-06 1.000000000000000082e-05
